3.501000000000000000e+03
3.501000000000000000e+03
3.501000000000000000e+03
3.501000000000000000e+03
4.731000000000000000e+03
4.731000000000000000e+03
4.731000000000000000e+03
4.718000000000000000e+03
4.718000000000000000e+03
4.718000000000000000e+03
4.718000000000000000e+03
4.718000000000000000e+03
4.718000000000000000e+03
4.718000000000000000e+03
4.718000000000000000e+03
4.718000000000000000e+03
3.410000000000000000e+03
3.410000000000000000e+03
3.410000000000000000e+03
3.420000000000000000e+03
3.420000000000000000e+03
3.420000000000000000e+03
3.420000000000000000e+03
3.420000000000000000e+03
3.420000000000000000e+03
3.420000000000000000e+03
3.420000000000000000e+03
3.420000000000000000e+03
3.470000000000000000e+03
3.470000000000000000e+03
3.470000000000000000e+03
3.470000000000000000e+03
3.470000000000000000e+03
3.470000000000000000e+03
3.470000000000000000e+03
3.470000000000000000e+03
3.470000000000000000e+03
3.470000000000000000e+03
3.470000000000000000e+03
3.470000000000000000e+03
4.318000000000000000e+03
4.318000000000000000e+03
4.318000000000000000e+03
4.318000000000000000e+03
4.318000000000000000e+03
4.318000000000000000e+03
4.318000000000000000e+03
4.318000000000000000e+03
4.318000000000000000e+03
4.318000000000000000e+03
4.318000000000000000e+03
4.318000000000000000e+03
4.417000000000000000e+03
4.417000000000000000e+03
4.417000000000000000e+03
